name: C:\Users\poorj\Projects\OCR-PDF\env
channels:
  - conda-forge
  - defaults
dependencies:
  - bzip2=1.0.8=hcfcfb64_5
  - ca-certificates=2024.3.11=haa95532_0
  - freetype=2.12.1=hdaf720e_2
  - lcms2=2.16=h67d730c_0
  - lerc=4.0.0=h63175ca_0
  - libdeflate=1.20=hcfcfb64_0
  - libexpat=2.6.2=h63175ca_0
  - libffi=3.4.4=hd77b12b_1
  - libjpeg-turbo=3.0.0=hcfcfb64_1
  - libpng=1.6.43=h19919ed_0
  - libsqlite=3.45.3=hcfcfb64_0
  - libtiff=4.6.0=hddb2be6_3
  - libwebp-base=1.4.0=hcfcfb64_0
  - libxcb=1.15=hcd874cb_0
  - libzlib=1.2.13=h2466b09_6
  - m2w64-gcc-libgfortran=5.3.0=6
  - m2w64-gcc-libs=5.3.0=7
  - m2w64-gcc-libs-core=5.3.0=7
  - m2w64-gmp=6.1.0=2
  - m2w64-libwinpthread-git=5.0.0.4634.697f757=2
  - msys2-conda-epoch=20160418=1
  - openjpeg=2.5.2=h3d672ee_0
  - openssl=3.3.0=h2466b09_3
  - packaging=24.0=pyhd8ed1ab_0
  - pathlib=1.0.1=py_1
  - pillow=10.3.0=py312h6f6a607_0
  - pip=24.0=pyhd8ed1ab_0
  - pthread-stubs=0.4=hcd874cb_1001
  - pytesseract=0.3.13=pyhd8ed1ab_0
  - python=3.12.3=h2628c8c_0_cpython
  - python_abi=3.12=4_cp312
  - setuptools=70.0.0=pyhd8ed1ab_0
  - tk=8.6.14=h0416ee5_0
  - tzdata=2024a=h0c530f3_0
  - ucrt=10.0.22621.0=h57928b3_0
  - vc=14.3=ha32ba9b_20
  - vc14_runtime=14.38.33135=h835141b_20
  - vs2015_runtime=14.38.33135=h22015db_20
  - wheel=0.43.0=pyhd8ed1ab_1
  - xorg-libxau=1.0.11=hcd874cb_0
  - xorg-libxdmcp=1.1.3=hcd874cb_0
  - xz=5.4.6=h8cc25b3_1
  - zlib=1.2.13=h2466b09_6
  - zstd=1.5.6=h0ea2cb4_0
  - pip:
      - pdf2image==1.17.0
prefix: C:\Users\poorj\Projects\OCR-PDF\env
